,selic,cambio,pib_mensal,igp_m,igp_di,m1,ipca,custo_m2,pesquisa_industrial_mensal,pib,despesas_publica,capital_fixo,producao_industrial_manufatureira,soja,milho_1,milho_2,taja_juros_ltn,imposto_renda,ibovespa,consumo_energia,brent_fob
2000-01-01,18.94,1.8037,92576.6,1.24,1.02,79015372.0,0.62,5.51,69.71441,1.4,3.9,-5.0,57.43586,52381672.0,31477232.0,10595844.0,19.4652611111111,5043.68093598,-4.11327599321281,25060.0,25.511
2000-02-01,18.87,1.7753,91770.4,0.35,0.19,79015372.0,0.13,5.51,69.71441,1.4,3.9,-5.0,57.43586,52381672.0,31477232.0,10595844.0,19.4652611111111,4120.60258218,7.76177690993409,25057.0,27.775714285714283
2000-03-01,18.85,1.742,92579.9,0.15,0.18,79015372.0,0.22,5.51,69.71441,1.1,3.6,-0.3,57.43586,52381672.0,31477232.0,10595844.0,19.4652611111111,5606.18519193,0.906002265005657,25662.0,27.48608695652174
2000-04-01,18.62,1.7682,91376.2,0.23,0.13,79015372.0,0.42,5.51,69.71441,1.1,3.6,-0.3,57.43586,52381672.0,31477232.0,10595844.0,19.4652611111111,4634.43169666,-12.8114478114478,25598.0,22.764444444444443
2000-05-01,18.51,1.8279,98727.0,0.31,0.67,79015372.0,0.01,5.51,69.71441,1.1,3.6,-0.3,57.43586,52381672.0,31477232.0,10595844.0,21.6815,4047.30207545,-3.73946064233764,25448.0,27.73761904761905
2000-06-01,18.04,1.8083,102685.4,0.85,0.93,79015372.0,0.23,5.51,69.71441,1.3,1.3,3.9,57.43586,52381672.0,31477232.0,10595844.0,19.5419571428571,4251.37280365,11.8414014442364,25445.0,29.795454545454547
2000-07-01,16.85,1.7978,103410.4,1.57,2.26,79015372.0,1.61,5.51,69.71441,1.3,1.3,3.9,57.43586,52381672.0,31477232.0,10595844.0,18.2893666666667,4807.54375718,-1.63209182758415,25287.0,28.682380952380953
2000-08-01,16.52,1.8092,105177.8,2.39,1.82,79015372.0,1.31,5.51,69.71441,1.3,1.3,3.9,57.43586,52381672.0,31477232.0,10595844.0,17.2485695652174,4421.88008811,5.42117418256958,25470.0,30.19608695652174
2000-09-01,16.56,1.8392,100307.6,1.16,0.69,79015372.0,0.23,5.51,69.71441,1.4,-2.3,6.8,57.43586,52381672.0,31477232.0,10595844.0,17.182865,4151.38560877,-8.17479534186556,25777.0,33.1447619047619
2000-10-01,16.6,1.8796,106951.1,0.38,0.37,79015372.0,0.14,5.51,69.71441,1.4,-2.3,6.8,57.43586,52381672.0,31477232.0,10595844.0,17.4277238095238,4572.39741617,-6.66122551481667,26313.0,30.96090909090909
2000-11-01,16.51,1.948,107678.0,0.29,0.39,79015372.0,0.32,5.51,69.71441,1.4,-2.3,6.8,57.43586,52381672.0,31477232.0,10595844.0,18.23173,4432.12213269,-10.6275644043855,26579.0,32.55227272727273
2000-12-01,16.19,1.9633,105851.6,0.63,0.76,79015372.0,0.59,5.51,69.71441,1.1,-2.8,8.8,57.43586,52381672.0,31477232.0,10595844.0,17.372935,6136.55073619,14.8415744712877,25834.0,25.66
2001-01-01,15.49,1.9545,102530.7,0.62,0.49,79015372.0,0.57,5.51,69.71441,1.1,-2.8,8.8,57.43586,52381672.0,31477232.0,10595844.0,16.0090909090909,6189.06277571,15.8136181925421,25878.0,25.624545454545455
2001-02-01,15.2,2.0019,101635.3,0.23,0.34,79015372.0,0.46,5.51,69.71441,1.1,-2.8,8.8,57.43586,52381672.0,31477232.0,10595844.0,16.0308611111111,3942.30069367,-10.0780896333182,26410.0,27.503500000000003
2001-03-01,15.39,2.089,108303.8,0.56,0.8,79015372.0,0.38,5.51,69.71441,0.2,1.1,10.2,57.43586,52381672.0,31477232.0,10595844.0,17.8755454545455,4957.00814666,-9.14354036876219,26487.0,24.49727272727273
2001-04-01,16.02,2.1925,107572.0,1.0,1.13,79015372.0,0.58,5.51,69.71441,0.2,1.1,10.2,57.43586,52381672.0,31477232.0,10595844.0,20.81952,5675.58372886,3.3176340213326,27097.0,25.657142857142855
2001-05-01,16.43,2.2972,111202.2,0.86,0.44,79015372.0,0.41,5.51,69.71441,0.2,1.1,10.2,57.43586,52381672.0,31477232.0,10595844.0,22.4100863636364,5041.54529822,-1.79660789703023,26311.0,28.313636363636363
2001-06-01,17.28,2.3758,104949.4,0.98,1.46,79015372.0,0.52,5.51,69.71441,-0.4,2.2,2.0,57.43586,52381672.0,31477232.0,10595844.0,22.39506,5009.73926178,-0.614376407945938,23723.0,27.84904761904762
2001-07-01,18.57,2.466,110758.9,1.48,1.62,79015372.0,1.33,5.51,69.71441,-0.4,2.2,2.0,57.43586,52381672.0,31477232.0,10595844.0,25.97265,5645.05297015,-5.52922590837283,20447.0,24.613636363636363
2001-08-01,19.0,2.5106,113064.7,1.38,0.9,79015372.0,0.7,5.51,69.71441,-0.4,2.2,2.0,57.43586,52381672.0,31477232.0,10595844.0,25.2051,5346.13291253,-6.64533953758907,20809.0,25.68
2001-09-01,19.06,2.6717,108700.8,0.31,0.38,79015372.0,0.28,5.51,69.71441,-0.4,3.5,1.2,57.43586,52381672.0,31477232.0,10595844.0,25.9982263157895,4903.17393219,-17.1728971962617,21338.0,25.6195
2001-10-01,19.06,2.7402,116139.0,1.18,1.45,79015372.0,0.83,5.51,69.71441,-0.4,3.5,1.2,57.43586,52381672.0,31477232.0,10595844.0,25.6627909090909,6077.82057217,6.85472496473907,21305.0,20.53782608695652
2001-11-01,19.05,2.5431,117882.0,1.1,0.76,79015372.0,0.71,5.51,69.71441,-0.4,3.5,1.2,57.43586,52381672.0,31477232.0,10595844.0,21.70482,5055.38187238,13.7891587469201,21824.0,18.797272727272727
2001-12-01,19.05,2.3627,113016.7,0.22,0.18,79015372.0,0.65,5.51,69.71441,-0.5,3.6,-7.4,57.43586,52381672.0,31477232.0,10595844.0,21.428285,6901.44042634,4.99574665532441,21630.0,18.705263157894734
2002-01-01,19.05,2.3779,112374.8,0.36,0.19,79015372.0,0.52,5.51,69.71441,-0.5,3.6,-7.4,57.43586,52381672.0,31477232.0,10595844.0,20.4424636363636,9780.785117,-6.30478014288871,22324.0,19.416818181818183
2002-02-01,18.97,2.4196,111477.1,0.06,0.18,76186089.0,0.36,5.51,69.71441,-0.5,3.6,-7.4,57.43586,52381672.0,31477232.0,10595844.0,20.0667277777778,6280.79815656,10.3136545869035,22695.0,20.2755
2002-03-01,18.72,2.3466,118444.7,0.09,0.11,75160808.0,0.6,5.51,77.39979,2.5,4.3,-7.9,57.43586,52381672.0,31477232.0,10595844.0,18.815825,6275.66514931,-5.55120074111024,23251.0,23.696666666666665
2002-04-01,18.38,2.3204,120385.9,0.56,0.7,74942239.0,0.8,5.51,79.59671,2.5,4.3,-7.9,61.17946,52381672.0,31477232.0,10595844.0,19.1000366666667,7583.0948117,-1.27508676625925,24719.0,25.714333333333332
2002-05-01,18.37,2.4804,123552.5,0.83,1.11,75539439.0,0.21,5.51,80.44721,2.5,4.3,-7.9,59.19544,52381672.0,31477232.0,10595844.0,20.6924214285714,6333.40576038,-1.71188383645395,24728.0,25.662258064516127
2002-06-01,18.1,2.714,123424.4,1.54,1.74,80431777.0,0.42,5.51,77.49757,0.4,4.1,-4.3,54.8014,52381672.0,31477232.0,10595844.0,26.0374366666667,5769.69789904,-13.3893165383718,24234.0,23.94551724137931
2002-07-01,18.17,2.9346,126856.6,1.95,2.05,84276840.0,1.19,5.51,83.26465,0.4,4.1,-4.3,60.3471,52381672.0,31477232.0,10595844.0,28.4159290322581,7087.67184999,-12.3619714516563,23695.0,25.740322580645163
2002-08-01,17.84,3.1101,127800.1,2.32,2.36,86961145.0,0.65,5.51,83.58971,0.4,4.1,-4.3,57.34579,52381672.0,31477232.0,10595844.0,28.7962741935484,5432.85029641,6.35115754968245,24442.0,26.50548387096774
2002-09-01,17.89,3.342,125137.8,2.4,2.64,89567225.0,0.72,5.51,82.11028,1.3,4.2,-0.5,57.35828,52381672.0,31477232.0,10595844.0,27.3110566666667,8298.50092404,-16.9524176459256,24438.0,28.222666666666665
2002-10-01,19.59,3.8059,133125.4,3.87,4.21,92662831.0,1.31,5.51,89.17857,1.3,4.2,-0.5,63.01677,52381672.0,31477232.0,10595844.0,31.8643064516129,7861.70290278,17.919276270007,24924.0,27.881612903225808
2002-11-01,21.25,3.5764,135966.6,5.19,5.84,93972257.0,3.02,5.51,83.89029,1.3,4.2,-0.5,59.31287,52381672.0,31477232.0,10595844.0,33.5866433333333,6506.08147109,3.35398839382315,25468.0,24.323
2002-12-01,23.03,3.6259,130241.2,3.75,2.7,104796074.0,2.1,5.51,74.61271,1.0,2.8,7.6,52.04062,52381672.0,31477232.0,10595844.0,32.2011896551724,8171.69563313,7.23258469737342,24949.0,27.84035714285714
2003-01-01,25.06,3.4384,125711.1,2.33,2.17,101244913.0,2.25,5.51,73.98043,1.0,2.8,7.6,50.94177,52381672.0,31477232.0,10595844.0,28.1197068965517,8874.90003581,-2.90202342917998,25152.0,31.146551724137932
2003-02-01,25.68,3.5908,131383.0,2.28,1.59,94540598.0,1.57,5.51,71.78186,1.0,2.8,7.6,53.46304,52381672.0,31477232.0,10595844.0,29.6848321428571,7006.91758555,-6.04149529293483,24965.0,32.426785714285714
2003-03-01,26.32,3.4469,140147.5,1.53,1.66,92128694.0,1.23,5.51,77.41394,-0.3,-0.8,3.1,52.64289,52381672.0,31477232.0,10595844.0,28.1380866666667,6551.72996045,9.65953307392997,25281.0,31.240645161290324
2003-04-01,26.32,3.1187,141003.2,0.92,0.41,90394890.0,0.97,5.51,76.52576,-0.3,-0.8,3.1,53.94553,52381672.0,31477232.0,10595844.0,25.63649,9049.37838296,11.3811762618646,24787.0,25.423333333333336
2003-05-01,26.31,2.9557,140058.2,-0.26,-0.67,87986711.0,0.61,5.51,79.68128,-0.3,-0.8,3.1,55.84357,52381672.0,31477232.0,10595844.0,23.5864433333333,8284.27244471,6.88913666772857,24889.0,25.563548387096777
2003-06-01,26.09,2.8832,137926.0,-1.0,-0.7,88239048.0,-0.15,5.51,76.29354,-0.8,0.3,-6.8,53.1375,52381672.0,31477232.0,10595844.0,22.7230896551724,6080.69918571,-3.34550331569927,24535.0,27.465666666666667
2003-07-01,25.36,2.8798,144626.0,-0.42,-0.2,88866559.0,0.2,5.51,81.34515,-0.8,0.3,-6.8,58.4036,52381672.0,31477232.0,10595844.0,21.3590451612903,7959.48602079,4.61763798951589,24443.0,28.363870967741935
2003-08-01,23.5,3.0025,144367.2,0.38,0.62,88725657.0,0.34,5.51,81.63758,-0.8,0.3,-6.8,57.93477,52381672.0,31477232.0,10595844.0,21.2700225806452,6135.44281915,11.8119519563776,24629.0,29.61967741935484
2003-09-01,21.02,2.9228,150356.6,1.18,1.05,89214043.0,0.78,5.51,85.65193,0.8,2.0,-6.9,63.22735,52381672.0,31477232.0,10595844.0,18.8497766666667,6475.13300201,5.50942401476209,24621.0,27.229333333333333
2003-10-01,19.54,2.8615,158352.2,0.38,0.44,90246083.0,0.29,5.51,89.99382,0.8,2.0,-6.9,70.41565,52381672.0,31477232.0,10595844.0,18.0087838709677,8513.38039051,12.317301686446,25715.0,29.586451612903225
2003-11-01,18.31,2.9138,154756.8,0.49,0.48,93216911.0,0.34,5.51,84.59253,0.8,2.0,-6.9,70.75036,52381672.0,31477232.0,10595844.0,17.3643133333333,7940.42346361,12.2400177955734,25786.0,28.708333333333332
2003-12-01,16.91,2.9253,149262.6,0.61,0.6,108009635.0,0.52,5.51,77.87148,1.0,4.7,-4.9,59.63002,52381672.0,31477232.0,10595844.0,15.9419366666667,8797.64685617,10.1719268691473,26189.0,29.779
2004-01-01,16.32,2.8518,142458.5,0.88,0.8,105874287.0,0.76,5.51,76.79072,1.0,4.7,-4.9,58.29399,52381672.0,31477232.0,10595844.0,15.4934566666667,10191.42050697,-1.73142651556035,26978.0,31.266000000000002
2004-02-01,16.3,2.9303,141650.7,0.69,1.08,103613775.0,0.61,5.51,74.03381,1.0,4.7,-4.9,58.36521,52381672.0,31477232.0,10595844.0,15.648925,7583.29904003,-0.439339160679142,26508.0,30.64862068965517
2004-03-01,16.19,2.9055,160674.2,1.13,0.93,102446398.0,0.47,5.51,86.92685,1.5,3.6,0.9,73.6638,52381672.0,31477232.0,10595844.0,15.5521677419355,7964.77283225,1.77890140197656,27284.0,33.663225806451614
2004-04-01,15.96,2.906,159111.3,1.21,1.15,104090412.0,0.37,5.51,82.19893,1.5,3.6,0.9,67.72906,52381672.0,31477232.0,10595844.0,15.6708357142857,9273.22436827,-11.4488302773011,28046.0,33.346666666666664
2004-05-01,15.77,3.1004,160113.8,1.31,1.46,104380309.0,0.51,5.51,86.33377,1.5,3.6,0.9,72.29933,52381672.0,31477232.0,10595844.0,17.7826580645161,6982.02281657,-0.321313816494107,27245.0,37.294838709677414
2004-06-01,15.8,3.1291,162569.9,1.38,1.29,105659189.0,0.71,5.51,86.12739,2.7,6.5,11.9,71.88299,52381672.0,31477232.0,10595844.0,18.1826931034483,7467.58148001,8.20712239050347,27083.0,35.55133333333333
2004-07-01,15.77,3.0368,168215.1,1.31,1.14,108211272.0,0.91,5.51,90.09002,2.7,6.5,11.9,73.95052,52381672.0,31477232.0,10595844.0,17.2618193548387,8661.9659143,5.61755248723284,27346.0,37.43096774193548
2004-08-01,15.86,3.0029,168069.3,1.22,1.31,107906988.0,0.69,5.51,92.14452,2.7,6.5,11.9,76.24757,52381672.0,31477232.0,10595844.0,18.0170064516129,7380.01253797,2.09079512893984,27657.0,42.75677419354839
2004-09-01,16.09,2.8911,168968.0,0.69,0.48,111338377.0,0.33,5.51,92.1327,1.2,4.3,14.2,73.57437,52381672.0,31477232.0,10595844.0,18.1674689655172,7981.27447679,1.93834144630092,28232.0,42.537666666666674
2004-10-01,16.41,2.8529,174389.4,0.39,0.53,114987609.0,0.44,5.51,93.48569,1.2,4.3,14.2,74.7628,52381672.0,31477232.0,10595844.0,17.90073,8798.96316431,-0.830286083028609,28556.0,49.55903225806451
2004-11-01,16.96,2.786,178016.0,0.82,0.82,114887070.0,0.69,5.51,91.7951,1.2,4.3,14.2,75.50665,52381672.0,31477232.0,10595844.0,18.302975862069,6699.08958411,9.00572618427902,28367.0,43.34166666666667
2004-12-01,17.5,2.7182,173515.1,0.74,0.52,128842721.0,0.86,5.51,84.7279,0.8,1.3,7.2,68.47705,52381672.0,31477232.0,10595844.0,18.0577903225806,12160.34088937,4.2502387774594,28562.0,39.90870967741936
2005-01-01,17.93,2.693,161645.2,0.39,0.33,126052085.0,0.58,5.51,81.04168,0.8,1.3,7.2,62.93994,52381672.0,31477232.0,10595844.0,18.5334032258065,10256.6208375797,-8.5051152847763,28375.0,43.83806451612903
2005-02-01,18.47,2.5978,159967.2,0.3,0.4,122417451.0,0.59,5.51,76.38879,0.8,1.3,7.2,60.00668,52381672.0,31477232.0,10595844.0,19.041962962963,8051.24087479545,17.4023698264352,27838.0,45.02321428571429
2005-03-01,18.97,2.7047,178097.9,0.85,0.99,121519884.0,0.61,5.51,88.04301,0.8,3.7,1.4,74.78425,52381672.0,31477232.0,10595844.0,19.0143774193548,9534.77931990663,-5.43373964959665,28599.0,52.97838709677419
2005-04-01,19.32,2.5792,177915.9,0.86,0.51,119486999.0,0.87,5.51,86.98309,0.8,3.7,1.4,70.54324,52381672.0,31477232.0,10595844.0,19.4419862068966,11166.1657687002,-6.64036076662908,29356.0,51.858666666666664
2005-05-01,19.61,2.4528,178126.3,-0.22,-0.25,118114508.0,0.49,5.51,91.10147,0.8,3.7,1.4,75.70558,52381672.0,31477232.0,10595844.0,19.1919633333333,8714.18849473477,1.46520146520146,28482.0,48.8358064516129
2005-06-01,19.75,2.4135,179515.2,-0.44,-0.45,120023226.0,-0.02,5.51,91.39158,1.1,0.6,3.0,78.43249,52381672.0,31477232.0,10595844.0,18.6643733333333,12668.9858898913,-0.618875709128419,28326.0,53.491
2005-07-01,19.72,2.3735,181671.6,-0.34,-0.4,122319288.0,0.25,5.51,90.50718,1.1,0.6,3.0,70.71014,52381672.0,31477232.0,10595844.0,18.3461,9491.19734925366,3.95592990299789,28322.0,57.30806451612903
2005-08-01,19.75,2.3606,186714.7,-0.65,-0.79,121923455.0,0.17,5.51,95.59143,1.1,0.6,3.0,78.22954,52381672.0,31477232.0,10595844.0,18.4510677419355,9395.25461836153,7.68758159895553,28764.0,63.399032258064516
2005-09-01,19.61,2.2944,184472.8,-0.53,-0.13,123969884.0,0.35,5.51,92.01793,-0.6,1.7,0.9,77.56846,52381672.0,31477232.0,10595844.0,18.287175,8648.40489435914,12.6194551419198,29335.0,63.40133333333333
2005-10-01,19.25,2.2565,192952.2,0.6,0.63,124088037.0,0.75,5.51,93.7259,-0.6,1.7,0.9,75.374,52381672.0,31477232.0,10595844.0,18.0637137931034,10423.8194334317,-4.40110185859481,29145.0,58.97451612903226
2005-11-01,18.87,2.2108,196416.4,0.4,0.33,126389576.0,0.55,5.51,92.40954,-0.6,1.7,0.9,77.61966,52381672.0,31477232.0,10595844.0,17.4767925925926,9771.13941276619,5.7066207399066,29288.0,55.778999999999996
2005-12-01,18.24,2.2855,193089.0,-0.01,0.07,144418005.0,0.36,5.51,86.62109,1.4,2.1,2.6,71.74222,52381672.0,31477232.0,10595844.0,16.8038580645161,15863.55205758,4.82203283619502,29505.0,56.424
2006-01-01,17.65,2.2739,181703.8,0.92,0.72,139814118.0,0.59,5.51,83.65213,1.4,2.1,2.6,65.65296,52381672.0,31477232.0,10595844.0,16.299535483871,10954.288256,14.7272455537289,28881.0,62.25677419354839
2006-02-01,17.28,2.1619,176995.3,0.01,-0.06,133692429.0,0.41,5.51,80.20779,1.4,2.1,2.6,65.66079,52381672.0,31477232.0,10595844.0,15.6743178571429,9459.331292,0.594028450836337,29383.0,60.56535714285714
2006-03-01,16.74,2.152,195571.4,-0.23,-0.45,134022978.0,0.43,5.51,92.399,1.4,3.0,8.8,80.47899,52381672.0,31477232.0,10595844.0,15.0882966666667,10439.405696,-1.70681170681171,29898.0,61.45645161290323
2006-04-01,16.19,2.1293,188584.2,-0.42,0.02,133081709.0,0.21,5.51,85.66672,1.4,3.0,8.8,69.26257,52381672.0,31477232.0,10595844.0,14.8112366666667,12919.984063,6.35556375326078,29888.0,69.687
2006-05-01,15.7,2.1781,198732.6,0.38,0.38,134105261.0,0.1,5.51,95.35205,1.4,3.0,8.8,79.85976,52381672.0,31477232.0,10595844.0,15.0133193548387,9442.171081,-9.49632088794192,28925.0,69.97741935483872
2006-06-01,15.18,2.2483,194660.1,0.75,0.67,135986740.0,-0.21,5.51,91.1009,0.4,2.4,3.6,75.84682,52381672.0,31477232.0,10595844.0,15.3001482758621,14232.254079,0.273747604708463,29069.0,68.045
2006-07-01,14.98,2.1893,203497.8,0.18,0.17,139345581.0,0.19,5.51,93.75703,0.4,2.4,3.6,76.99628,52381672.0,31477232.0,10595844.0,14.6813935483871,10641.061323,1.22031122031121,29114.0,73.3958064516129
2006-08-01,14.66,2.1559,208796.1,0.37,0.41,140238803.0,0.05,5.51,98.56902,0.4,2.4,3.6,84.00869,52381672.0,31477232.0,10595844.0,14.4001290322581,9588.240933,-2.27,29886.0,73.87161290322581
2006-09-01,14.17,2.1687,205553.8,0.29,0.24,146036125.0,0.21,5.51,93.24271,1.7,2.6,5.8,77.30867,52381672.0,31477232.0,10595844.0,13.8350482758621,10715.805651,0.59,29917.0,62.78733333333333
2006-10-01,13.95,2.1483,219040.8,0.47,0.81,148772530.0,0.33,5.51,97.46331,1.7,2.6,5.8,82.09543,52356720.0,31465468.0,10657512.0,13.3815,11797.649385,7.71,30144.0,58.0358064516129
2006-11-01,13.65,2.1579,220983.2,0.75,0.57,152694671.0,0.31,5.51,95.85113,1.7,2.6,5.8,83.58261,52223579.0,31414490.0,10657512.0,13.0194481481481,9639.096651,6.79,30531.0,58.31933333333333
2006-12-01,13.19,2.1499,215330.9,0.32,0.26,169733934.0,0.48,5.51,86.96881,1.2,6.2,8.7,76.86342,52234589.0,31429528.0,11046437.0,12.6350225806452,16662.61527,6.06,30494.0,62.425666666666665
2007-01-01,13.13,2.1385,206665.4,0.5,0.43,166674006.0,0.44,5.51,87.00323,1.2,6.2,8.7,77.31218,56395247.0,35477136.0,12219438.0,12.4529032258065,13117.1808248786,0.38,30700.0,53.84483870967742
2007-02-01,12.93,2.0963,201550.6,0.27,0.23,160264916.0,0.44,5.51,82.57525,1.2,6.2,8.7,74.777,56699617.0,35917986.0,13257115.0,12.2406222222222,10590.6724628228,-1.67,30325.0,57.04392857142857
2007-03-01,12.74,2.0887,223206.9,0.34,0.22,159948447.0,0.37,5.51,96.44413,1.7,4.3,7.2,90.71622,56865475.0,36320853.0,13990450.0,12.0514290322581,12694.497880462,4.35,31313.0,61.38387096774194
2007-04-01,12.58,2.032,218922.4,0.04,0.14,161678475.0,0.25,5.51,90.61288,1.7,4.3,7.2,81.17795,57171294.0,36414578.0,15020780.0,11.71636,15124.0251282023,6.88,32031.0,67.52633333333333
2007-05-01,12.43,1.9816,227533.9,0.04,0.16,161345435.0,0.28,5.51,99.89001,1.7,4.3,7.2,95.13486,58490235.0,36766477.0,16149694.0,11.1472466666667,11486.6437247787,6.76,31383.0,67.13870967741936
2007-06-01,12.03,1.9319,224198.4,0.26,0.26,165583266.0,0.28,5.51,96.86738,1.8,6.6,12.4,88.51613,58263978.0,36248615.0,15501436.0,10.9326137931034,14586.5628647563,4.06,30767.0,70.672
2007-07-01,11.73,1.8828,230915.0,0.28,0.37,170656672.0,0.24,5.51,99.83717,1.8,6.6,12.4,92.03845,58227761.0,36170705.0,15533693.0,10.8424838709677,12768.2099718784,-0.38,30500.0,76.49689655172413
2007-08-01,11.43,1.966,233903.0,0.98,1.39,174151111.0,0.47,5.51,104.93052,1.8,6.6,12.4,101.92149,58238071.0,36418044.0,15786513.0,11.3492967741935,11891.3220669153,0.83,31181.0,71.26516129032258
2007-09-01,11.22,1.8996,227028.0,1.29,1.17,179358592.0,0.18,5.51,98.35279,1.0,4.9,14.2,94.25227,58257945.0,36347363.0,15349448.0,11.3490133333333,11358.78633536,10.66,31736.0,76.11166666666666
2007-10-01,11.18,1.801,245688.9,1.05,0.75,182762622.0,0.3,5.51,107.82723,1.0,4.9,14.2,104.64009,58255667.0,36318572.0,15256269.0,11.2793516129032,14195.17713468,8.02,32136.0,81.52870967741936
2007-11-01,11.18,1.7699,243269.5,0.69,1.05,187241859.0,0.38,5.51,102.4058,1.0,4.9,14.2,102.64003,58197297.0,36358104.0,15231617.0,11.466124137931,13913.79838603,-3.53,32654.0,92.37517241379311
2007-12-01,11.18,1.786,237380.9,1.76,1.47,214155337.0,0.74,5.51,92.62514,1.5,0.7,13.7,90.55916,58189494.0,36293153.0,15236215.0,11.84341,18588.94588253,1.4,32305.0,90.89464285714287
2008-01-01,11.18,1.7743,232828.5,1.09,0.99,202948456.0,0.54,5.51,94.78769,1.5,0.7,13.7,90.58176,58270003.0,38402315.0,15352970.0,12.06476,20082.02593705,-6.88,31856.0,92.32433333333333
2008-02-01,11.18,1.7277,231983.8,0.53,0.38,190951499.0,0.49,5.51,91.07573,1.5,0.7,13.7,94.0859,59581364.0,38383626.0,17246908.0,11.9780642857143,12747.42908532,6.72,31731.0,93.99
2008-03-01,11.18,1.7076,247243.0,0.74,0.7,189359423.0,0.48,5.51,97.74228,1.3,3.0,12.0,102.76917,59944144.0,38841138.0,17325147.0,12.3151064516129,15323.70612264,-3.97,32119.0,103.11
2008-04-01,11.37,1.6889,253193.5,0.69,1.12,191044848.0,0.55,5.51,99.23669,1.3,3.0,12.0,106.18928,59457662.0,39590463.0,18170491.0,12.8873666666667,18013.24956285,11.31,31953.0,108.11633333333333
2008-05-01,11.63,1.6605,255741.0,1.61,1.88,191882691.0,0.79,5.51,102.45747,1.3,3.0,12.0,102.41345,59841925.0,39872906.0,18406596.0,13.7202689655172,13155.08742123,6.96,32300.0,121.51935483870967
2008-06-01,12.09,1.6189,260590.7,1.98,1.89,190629165.0,0.74,5.51,103.27342,2.0,0.5,13.6,109.98015,59807588.0,39860772.0,17497628.0,14.13145,16042.93033418,-10.44,31743.0,130.906
2008-07-01,12.36,1.5914,271286.3,1.76,1.12,194074302.0,0.53,5.51,108.50247,2.0,0.5,13.6,114.91752,60022331.0,40081311.0,18419595.0,14.604864516129,17602.04652218,-8.47,32150.0,134.03096774193548
2008-08-01,12.92,1.6123,268548.1,-0.32,-0.38,192300570.0,0.28,5.51,106.91062,2.0,0.5,13.6,114.47705,59995301.0,39978897.0,18598696.0,14.6445612903226,13833.57936712,-6.42,33014.0,114.69483870967741
2008-09-01,13.39,1.7996,272768.2,0.11,0.36,198029149.0,0.26,5.51,107.32784,1.5,3.9,18.0,119.89758,59925421.0,39969596.0,18592646.0,14.7413,14320.29578608,-11.02,32964.0,98.69366666666666
2008-10-01,13.66,2.1729,284924.2,0.98,1.09,199894602.0,0.45,5.51,108.42509,1.5,3.9,18.0,124.80523,59923621.0,39967037.0,18770131.0,14.8981580645161,18167.72565008,-24.79,33674.0,74.8216129032258
2008-11-01,13.64,2.2663,272113.4,0.38,0.07,199130232.0,0.36,5.51,96.18181,1.5,3.9,18.0,109.99715,59920262.0,39954466.0,18743985.0,15.13795,13987.4618806,-1.77,33410.0,53.695517241379314
2008-12-01,13.66,2.3944,258582.5,-0.13,-0.44,222008940.0,0.28,5.51,79.11826,-3.7,0.9,5.5,80.1489,59920262.0,39995410.0,18745355.0,13.06614,18479.52125582,2.6,31559.0,40.882333333333335
2009-01-01,13.32,2.3074,244784.2,-0.44,0.01,212754612.0,0.48,5.51,78.66338,-3.7,0.9,5.5,79.56226,57776642.0,34068769.0,16763428.0,11.67089,21053.10803602,4.66,30667.0,42.495666666666665
2009-02-01,12.66,2.3127,242501.2,0.26,-0.13,202578899.0,0.55,5.51,76.06049,-3.7,0.9,5.5,73.39855,57593978.0,33697373.0,17590987.0,11.1104185185185,11621.69588454,-2.84,30495.0,43.28321428571429
2009-03-01,11.7,2.3138,268841.6,-0.74,-0.84,198233106.0,0.2,5.51,88.55244,-1.3,3.2,-9.5,82.9053,58471633.0,34566028.0,17027257.0,10.2431225806452,15916.03690608,7.18,31978.0,46.230645161290326
2009-04-01,11.11,2.2059,263428.8,-0.15,0.04,199892749.0,0.48,5.51,85.22504,-1.3,3.2,-9.5,77.1245,57591757.0,34233903.0,17021137.0,9.96286206896552,17782.24578116,15.54,32043.0,50.162666666666674
2009-05-01,10.16,2.0609,268742.3,-0.07,0.18,201586202.0,0.47,5.51,91.26478,-1.3,3.2,-9.5,81.5387,57195834.0,33501783.0,17392426.0,9.64662580645161,12755.02171191,12.49,30945.0,56.35709677419354
2009-06-01,9.54,1.9576,271406.4,-0.1,-0.32,204615096.0,0.36,5.51,92.19055,1.8,2.2,-8.3,84.31838,56851505.0,33844845.0,15930945.0,9.37551724137931,16385.11224609,-3.26,30715.0,68.40866666666666
2009-07-01,9.01,1.9328,281459.6,-0.43,-0.64,207755005.0,0.24,5.51,97.7102,1.8,2.2,-8.3,88.41354,56828146.0,33920559.0,16729012.0,9.1762,16492.34838699,6.41,31325.0,64.13548387096775
2009-08-01,8.65,1.8452,282508.7,-0.36,0.09,206702982.0,0.15,5.51,99.63385,1.8,2.2,-8.3,88.8041,56823510.0,33770649.0,16327908.0,9.21386774193548,11942.31719121,3.15,32262.0,72.22096774193548
2009-09-01,8.65,1.8198,288874.9,0.42,0.25,213022527.0,0.24,5.51,99.44059,2.4,0.3,-3.9,94.75114,56860110.0,33771195.0,17355757.0,9.39772,12698.24925327,8.9,32717.0,68.22266666666667
2009-10-01,8.65,1.7384,309134.7,0.05,-0.04,216117801.0,0.28,5.51,105.61536,2.4,0.3,-3.9,104.11892,57019657.0,33847347.0,17292597.0,9.95737741935484,20041.59372168,0.05,33420.0,71.82387096774194
2009-11-01,8.65,1.7262,307944.4,0.1,0.07,219877940.0,0.41,5.51,101.37881,2.4,0.3,-3.9,106.88909,57032468.0,33824407.0,17206319.0,9.96129,16821.67542007,8.93,33617.0,76.70689655172414
2009-12-01,8.65,1.7503,303412.3,-0.26,-0.11,244897021.0,0.37,5.51,94.07476,2.5,6.1,12.9,99.09491,57036668.0,33864085.0,17177549.0,10.3223516129032,18087.09961308,2.3,34123.0,74.45548387096774
2010-01-01,8.65,1.7798,284389.3,0.63,1.01,240128519.0,0.75,5.51,91.20876,2.5,6.1,12.9,89.55269,66137344.0,33424815.0,17996575.0,10.4541161290323,22598.71155626,-4.65,33360.0,76.60032258064517
2010-02-01,8.65,1.8416,283356.4,1.18,1.09,234288145.0,0.78,5.51,88.95149,2.5,6.1,12.9,91.15047,66941524.0,33735243.0,18620733.0,10.5251888888889,11801.79122496,1.68,33730.0,73.64214285714286
2010-03-01,8.65,1.7858,318651.7,0.94,0.63,232458562.0,0.52,5.51,105.07767,2.2,3.0,29.0,114.92197,67350136.0,33486684.0,19095737.0,10.8221806451613,15204.63720939,5.82,35117.0,78.63645161290323
2010-04-01,8.72,1.7566,311651.0,0.77,0.72,234236600.0,0.57,5.51,99.30561,2.2,3.0,29.0,104.58762,67913643.0,33830625.0,19457468.0,11.1199857142857,21267.69056901,-4.04,35026.0,84.19166666666666
2010-05-01,9.4,1.8132,315947.5,1.19,1.57,236503300.0,0.43,5.51,104.27978,2.2,3.0,29.0,110.27518,68131230.0,33577605.0,19569483.0,11.6964,14772.30969361,-6.64,34297.0,77.26774193548388
2010-06-01,9.94,1.8065,316546.6,0.85,0.34,239622402.0,0.0,5.51,102.49638,1.3,5.1,22.9,106.52333,68013461.0,33664978.0,19832393.0,11.7708517241379,15590.95460595,-3.34,34169.0,74.555
2010-07-01,10.32,1.7696,328891.3,0.15,0.22,243919917.0,0.01,5.51,106.88722,1.3,5.1,22.9,108.79987,68265873.0,33486581.0,20021468.0,11.6223419354839,17727.44997791,10.8,33849.0,75.3367741935484
2010-08-01,10.66,1.7596,332382.6,0.77,1.1,245762694.0,0.04,5.51,108.1443,1.3,5.1,22.9,113.98497,68674134.0,33816741.0,20980696.0,11.2624709677419,15243.53372708,-3.51,34713.0,77.17322580645161
2010-09-01,10.66,1.7187,336660.8,1.15,1.1,253042067.0,0.45,5.51,105.7999,0.9,4.8,15.3,111.50404,68685605.0,33814346.0,21789169.0,11.2575793103448,14649.70737312,6.58,35182.0,77.50133333333333
2010-10-01,10.66,1.6835,350937.7,1.01,1.03,257797436.0,0.75,5.51,107.73553,0.9,4.8,15.3,111.7104,68500880.0,33803717.0,21805759.0,11.3121903225806,19882.72497651,1.79,35189.0,82.27
2010-11-01,10.66,1.7133,358427.1,1.45,1.58,259156712.0,0.83,5.51,106.77447,0.9,4.8,15.3,118.27779,68467108.0,33825013.0,21870059.0,11.6211310344828,16133.66611352,-4.2,35078.0,85.1703448275862
2010-12-01,10.66,1.6934,348004.9,0.69,0.38,285495051.0,0.63,5.51,96.57787,1.4,2.8,7.8,105.31038,68479967.0,34011631.0,22048007.0,12.1059,23328.11461208,2.36,35956.0,90.76161290322581
2011-01-01,10.85,1.6749,327590.9,0.79,0.98,274105675.0,0.83,5.51,93.2236,1.4,2.8,7.8,96.13331,67627612.0,32078672.0,19999996.0,12.3929677419355,29749.3721174,-3.94,35874.0,96.03225806451613
2011-02-01,11.17,1.668,332322.4,1.0,0.96,263102101.0,0.8,5.51,95.41042,1.4,2.8,7.8,109.05375,68992950.0,32305985.0,22882567.0,12.5657071428571,14644.5577456,1.22,35445.0,103.14892857142857
2011-03-01,11.62,1.6591,356617.3,0.62,0.61,259234847.0,0.79,5.51,104.37887,1.5,2.6,8.2,116.87522,71595025.0,32775317.0,23503546.0,12.5715666666667,18468.08748229,1.79,36351.0,114.38
2011-04-01,11.74,1.5864,354617.8,0.45,0.5,257909268.0,0.77,5.51,97.49711,1.5,2.6,8.2,104.26819,72838610.0,33052131.0,24696214.0,12.4866068965517,25933.83059921,-3.58,36048.0,122.28551724137932
2011-05-01,11.92,1.6135,368272.7,0.43,0.01,256392040.0,0.47,5.51,107.10605,1.5,2.6,8.2,118.33425,74291984.0,33893442.0,24343749.0,12.5242166666667,17450.68917921,-2.29,35566.0,115.81967741935483
2011-06-01,12.1,1.587,363821.7,-0.18,-0.13,257942770.0,0.15,5.51,102.80794,0.9,3.3,8.1,114.50638,74889136.0,33973926.0,23858928.0,12.545924137931,21107.85380826,-3.43,35160.0,115.00566666666667
2011-07-01,12.25,1.5639,367333.1,-0.12,-0.05,260111822.0,0.16,5.51,106.06639,0.9,3.3,8.1,114.20104,74841577.0,34225435.0,21231685.0,12.6684064516129,23311.26810376,-5.74,35417.0,116.05903225806452
2011-08-01,12.42,1.597,374887.3,0.44,0.61,257132582.0,0.37,5.51,110.8228,0.9,3.3,8.1,126.17652,74872713.0,34234728.0,21437021.0,12.0339064516129,16159.84979046,-3.96,36336.0,110.40096774193547
2011-09-01,11.91,1.7498,370113.8,0.65,0.75,260862382.0,0.53,5.51,104.78555,-0.2,1.8,5.8,113.60477,74845382.0,34231412.0,21974134.0,10.8571178571429,15873.07270477,-7.38,36965.0,114.09466666666667
2011-10-01,11.7,1.7726,383776.1,0.53,0.4,263204853.0,0.43,5.51,106.27101,-0.2,1.8,5.8,113.6144,74839655.0,34289534.0,22107652.0,10.472775862069,25426.76742431,11.49,36744.0,109.33387096774193
2011-11-01,11.4,1.7905,391537.9,0.5,0.43,262725379.0,0.52,5.51,104.18,-0.2,1.8,5.8,116.01764,74837821.0,34128878.0,22107053.0,10.0842925925926,18328.54662198,-2.51,36368.0,110.74137931034483
2011-12-01,10.9,1.8369,385490.9,-0.12,-0.16,287282888.0,0.5,5.51,95.67865,0.9,1.2,5.5,108.33606,74829383.0,34194745.0,21904917.0,9.93353870967742,23364.49212446,-0.21,36742.0,108.12033333333333
2012-01-01,10.7,1.7897,364190.6,0.25,0.3,276139561.0,0.56,5.51,88.69521,0.9,1.2,5.5,79.82627,70068731.0,34249139.0,28269103.0,10.0642620689655,32505.67093976,11.13,36305.0,110.44241379310344
2012-02-01,10.4,1.7184,367525.1,-0.06,0.07,268141408.0,0.45,5.51,89.83275,0.9,1.2,5.5,98.35686,67852740.0,34748270.0,28518295.0,9.44818928571429,17547.71237888,4.34,36888.0,118.2344827586207
2012-03-01,9.82,1.7953,397758.4,0.43,0.56,264973099.0,0.21,5.51,99.69991,-1.4,2.1,3.1,112.72594,66597687.0,34921441.0,31093024.0,9.10612903225806,21522.50358728,-1.98,38636.0,125.3283870967742
2012-04-01,9.35,1.8548,385880.0,0.85,1.02,265800884.0,0.64,5.51,92.76361,-1.4,2.1,3.1,97.45486,66410069.0,34314297.0,32941913.0,8.79445333333333,27837.10761589,-4.17,37996.0,120.247
2012-05-01,8.87,1.986,401862.3,1.02,0.91,266543035.0,0.36,5.51,102.45065,-1.4,2.1,3.1,106.65488,65669826.0,34096897.0,34413912.0,8.12856333333333,17712.45363584,-11.86,36810.0,111.31741935483872
2012-06-01,8.39,2.0492,395383.3,0.66,0.69,270999075.0,0.08,5.51,98.2585,1.7,2.1,1.1,96.79065,65730655.0,33781767.0,35275962.0,7.8842,21933.59331381,-0.25,36528.0,96.52166666666668
2012-07-01,8.07,2.0287,409021.0,1.34,1.52,276842883.0,0.43,5.51,104.49349,1.7,2.1,1.1,103.4912,65822995.0,33472002.0,37978139.0,7.54802258064516,21998.2468408,3.21,35917.0,101.39827586206897
2012-08-01,7.85,2.0294,418752.0,1.43,1.29,274315205.0,0.41,5.51,111.51784,1.7,2.1,1.1,110.70677,65973911.0,34208291.0,38542433.0,7.56926129032258,16602.89759559,1.72,37180.0,112.87838709677419
2012-09-01,7.39,2.0281,402675.8,0.97,0.88,283327559.0,0.57,5.51,103.4256,1.7,1.9,-1.5,96.08473,65384254.0,33448219.0,38866378.0,7.61106333333333,17823.32606501,3.7,37662.0,112.78733333333334
2012-10-01,7.23,2.0298,431405.6,0.02,-0.31,284544283.0,0.59,5.51,111.79012,1.7,1.9,-1.5,108.84672,65601575.0,33204224.0,38328705.0,7.3718064516129,23119.34131005,-3.56,37796.0,111.91806451612904
2012-11-01,7.14,2.0678,426600.5,-0.03,0.25,286918403.0,0.6,5.36,104.83123,1.7,1.9,-1.5,100.18814,65583643.0,33284326.0,38327279.0,7.29041379310345,20537.61139197,0.71,38644.0,109.09241379310345
2012-12-01,7.16,2.0778,413705.4,0.68,0.66,321521526.0,0.79,5.68,92.24109,0.1,2.9,0.6,88.87298,65705771.0,33279382.0,38211259.0,7.08669333333333,25005.5743617,6.05,37765.0,109.50068965517241
2013-01-01,7.11,2.0311,408889.7,0.34,0.31,308933642.0,0.86,5.25,94.49635,0.1,2.9,0.6,98.75866,82953874.0,36144257.0,38059056.0,7.18078666666667,38138.46778204,-1.95,38367.0,112.66833333333334
2013-02-01,7.12,1.9733,398093.7,0.29,0.2,298958073.0,0.6,5.69,88.06255,0.1,2.9,0.6,103.44228,83288808.0,36091870.0,38319881.0,7.58814814814815,17850.4539516,-3.91,38001.0,116.1226923076923
2013-03-01,7.15,1.9828,434630.2,0.21,0.31,299263560.0,0.47,5.55,97.70125,0.5,-0.1,3.0,113.72664,80927337.0,35460491.0,39422374.0,7.98016129032258,19438.48484987,-1.87,38442.0,109.13333333333334
2013-04-01,7.26,2.0022,446505.1,0.15,-0.06,299465983.0,0.55,5.6,101.82004,0.5,-0.1,3.0,120.09982,80996922.0,35490164.0,42316192.0,8.09751333333333,29039.9875873,-0.78,38654.0,102.70466666666667
2013-05-01,7.42,2.0348,441335.3,0.0,0.32,299874457.0,0.37,-0.47,104.97776,0.5,-0.1,3.0,114.91146,81114862.0,34879469.0,43577639.0,8.20963214285714,22190.90488777,-4.3,38345.0,102.30354838709677
2013-06-01,7.9,2.173,434739.6,0.75,0.76,306171339.0,0.26,6.54,101.70192,1.4,1.2,8.5,112.09691,81333792.0,34484065.0,43727256.0,9.22877,21270.03255813,-11.31,37628.0,102.87666666666668
2013-07-01,8.23,2.2522,452597.5,0.26,0.14,310869063.0,0.03,-0.3,108.02689,1.4,1.2,8.5,116.98051,81300690.0,34475274.0,45538120.0,9.21446451612903,23902.50216212,1.64,37698.0,107.67933333333333
2013-08-01,8.45,2.3422,453781.6,0.15,0.46,307668388.0,0.24,-0.51,112.04481,1.4,1.2,8.5,122.11212,81312070.0,34438283.0,46317493.0,9.73315483870968,18659.36930963,3.68,38613.0,110.46709677419355
2013-09-01,8.9,2.2705,447755.0,1.5,1.36,313981031.0,0.35,-0.22,107.29566,0.4,2.5,7.3,119.23677,81352964.0,34307357.0,46422860.0,10.1397766666667,18820.06660264,4.65,38525.0,112.53133333333334
2013-10-01,9.25,2.1886,475713.9,0.86,0.63,313096998.0,0.57,-0.12,112.58121,0.4,2.5,7.3,127.12923,81364313.0,34284275.0,46233019.0,10.2742096774194,26453.61463073,3.66,39389.0,109.15612903225806
2013-11-01,9.45,2.2954,470324.9,0.29,0.28,316979581.0,0.54,0.08,106.14223,0.4,2.5,7.3,113.01028,81338487.0,34275361.0,46176232.0,10.7799633333333,22854.54601297,-3.27,39920.0,107.5496551724138
2013-12-01,9.9,2.3455,467252.4,0.6,0.69,349124704.0,0.92,0.52,90.08429,0.2,2.4,4.4,85.01468,81699787.0,34188640.0,46358399.0,10.6997034482759,28961.26672204,-1.86,39556.0,110.86689655172414
2014-01-01,10.17,2.3822,453278.0,0.48,0.4,333355173.0,0.55,0.79,92.60558,0.2,2.4,4.4,99.7297,91283222.0,33664217.0,42048789.0,10.9923310344828,39722.73565103,-7.51,40280.0,108.25965517241379
2014-02-01,10.43,2.3837,455501.3,0.38,0.85,322002925.0,0.69,0.51,92.2912,0.2,2.4,4.4,112.32646,88442511.0,33013136.0,41932237.0,11.5276392857143,18337.36704667,-1.14,41543.0,108.84892857142857
2014-03-01,10.65,2.3261,477201.8,1.67,1.48,321470023.0,0.92,0.94,97.29175,0.7,2.0,4.2,106.23007,86769230.0,31528611.0,42153722.0,11.4195266666667,21885.04019905,7.05,40246.0,107.62161290322581
2014-04-01,10.87,2.2328,479726.2,0.78,0.45,323439802.0,0.67,0.71,96.0238,0.7,2.0,4.2,103.54193,86887561.0,31258172.0,43492865.0,11.4107033333333,33140.16500042,2.4,39550.0,107.51633333333334
2014-05-01,10.9,2.2209,481275.6,-0.13,-0.45,317257781.0,0.46,7.28,101.71577,0.7,2.0,4.2,104.7536,86451711.0,31013410.0,45166709.0,11.35726,21022.02304565,-0.75,39100.0,109.51935483870967
2014-06-01,10.9,2.2355,461320.0,-0.74,-0.63,318759951.0,0.4,0.11,94.91935,-1.3,1.2,-6.4,88.97062,86601018.0,31209620.0,45036670.0,11.0997137931034,23971.6390192,3.76,37726.0,111.55766666666666
2014-07-01,10.9,2.2246,486881.2,-0.61,-0.55,320326008.0,0.01,7.29,104.43759,-1.3,1.2,-6.4,105.9491,86639858.0,30893005.0,46061835.0,10.9691903225806,25313.58675922,5.0,37784.0,107.18709677419355
2014-08-01,10.9,2.268,483768.7,-0.27,0.06,317922963.0,0.25,7.22,106.34208,-1.3,1.2,-6.4,104.10452,86642526.0,30704854.0,46837189.0,11.2233677419355,22590.4138373,9.78,38652.0,102.25645161290322
2014-09-01,10.9,2.3329,491475.6,0.2,0.02,327925378.0,0.57,6.82,105.61239,-0.1,1.0,-7.4,107.06169,86204857.0,30554842.0,47473131.0,11.4636333333333,20151.10698342,-11.7,38895.0,97.63033333333333
2014-10-01,10.92,2.4483,509081.7,0.28,0.59,329034213.0,0.42,6.66,109.26309,-0.1,1.0,-7.4,111.73832,86281097.0,30726084.0,47663965.0,11.902935483871,26647.42949741,0.95,40100.0,88.33387096774193
2014-11-01,11.15,2.5484,498553.3,0.98,1.14,331258675.0,0.51,6.54,99.7919,-0.1,1.0,-7.4,100.85871,86310460.0,30717681.0,48317601.0,12.3583033333333,24440.10594259,0.18,40951.0,80.51413793103448
2014-12-01,11.58,2.6394,500889.7,0.62,0.38,362152876.0,0.78,6.2,87.71356,0.4,-0.9,-6.5,75.47568,86442860.0,30588780.0,48167397.0,12.7272133333333,27215.26634514,-8.62,39838.0,63.381
2015-01-01,11.82,2.6342,474641.8,0.76,0.67,343797138.0,1.24,5.94,88.09942,0.4,-0.9,-6.5,84.24972,95516844.0,31761361.0,44727358.0,12.76292,39929.44868091,-6.2,40714.0,48.97387096774194
2015-02-01,12.15,2.8165,466982.4,0.27,0.53,334090852.0,1.22,5.67,83.72994,0.4,-0.9,-6.5,83.7828,94888440.0,30873716.0,44566250.0,13.0670518518519,21959.56761,9.97,40672.0,56.48142857142857
2015-03-01,12.58,3.1395,515034.5,0.98,1.21,328802402.0,1.32,5.26,94.33358,-0.8,-0.4,-9.4,93.7468,94785981.0,30935495.0,44941231.0,13.5707064516129,24935.98747236,-0.84,39719.0,56.58806451612903
2015-04-01,12.68,3.0432,497159.2,1.17,0.92,323912405.0,0.71,5.3,88.82854,-0.8,-0.4,-9.4,80.09926,95610365.0,30750703.0,45506272.0,13.3989,33986.45162207,9.93,39552.0,58.47
2015-05-01,13.15,3.0617,492230.7,0.41,0.4,318914527.0,0.74,5.51,93.06066,-0.8,-0.4,-9.4,77.8654,96257841.0,30481559.0,48518655.0,13.7213709677419,22787.16955895,-6.17,38159.0,64.1558064516129
2015-06-01,13.58,3.1117,490580.0,0.67,0.68,316917201.0,0.79,5.66,92.49449,-2.3,-1.6,-12.3,74.28116,96442521.0,30139226.0,50182972.0,14.1309034482759,26815.61499157,0.61,37219.0,61.733333333333334
2015-07-01,13.69,3.2231,507320.0,0.69,0.58,318268214.0,0.62,5.77,95.46492,-2.3,-1.6,-12.3,76.74455,96666669.0,29958756.0,53309023.0,14.0166838709677,26531.70208453,-4.17,36776.0,57.30129032258064
2015-08-01,14.15,3.5143,501232.2,0.28,0.4,312390576.0,0.22,5.96,97.59936,-2.3,-1.6,-12.3,70.20976,96744941.0,29694108.0,54625679.0,14.1141225806452,20738.53554064,-8.33,37807.0,47.796129032258065
2015-09-01,14.15,3.9065,499676.0,0.95,1.42,310836657.0,0.54,6.07,94.3193,-1.6,-1.8,-14.9,73.87614,96921027.0,29605466.0,55364382.0,15.0931466666667,21627.54993438,-3.36,37786.0,47.907333333333334
2015-10-01,14.15,3.8801,521368.4,1.89,1.76,315384658.0,0.82,6.03,97.24437,-1.6,-1.8,-14.9,75.4133,96884196.0,29549117.0,56234869.0,15.3467870967742,26780.04028707,1.8,39262.0,48.35709677419354
2015-11-01,14.15,3.7765,514117.1,1.52,1.19,315102771.0,1.01,6.12,87.55042,-1.6,-1.8,-14.9,69.83761,96926618.0,29504969.0,56198468.0,15.2569866666667,22952.85882426,-1.63,39204.0,44.711666666666666
2015-12-01,14.15,3.8711,515444.8,0.49,0.44,345150416.0,0.96,5.5,77.20882,-1.0,-1.9,-19.3,51.643,97043705.0,29469353.0,56238443.0,15.7352774193548,33055.94366831,-3.93,38626.0,38.50677419354839
2016-01-01,14.15,4.0524,482507.5,1.14,1.53,331050008.0,1.27,5.86,76.26787,-1.0,-1.9,-19.3,54.68148,102689122.0,28578545.0,52299302.0,15.3123903225806,43391.86826847,-6.79,38436.0,31.384193548387096
2016-02-01,14.15,3.9737,490164.0,1.29,0.79,323084058.0,0.9,6.55,75.82159,-1.0,-1.9,-19.3,63.41777,101816438.0,28382182.0,54296775.0,14.2815428571429,20039.62099482,5.91,38752.0,32.038620689655176
2016-03-01,14.15,3.7039,527627.4,0.51,0.43,318046218.0,0.43,7.18,83.68427,-1.4,-0.1,-18.7,72.80235,100191047.0,27765917.0,56043825.0,13.6773387096774,24930.75919112,16.97,39474.0,38.218387096774194
2016-04-01,14.15,3.5658,520771.6,0.33,0.36,317669550.0,0.61,7.14,83.00607,-1.4,-0.1,-18.7,68.09145,98472972.0,27701782.0,53529775.0,13.3567448275862,36440.79619972,7.7,40307.0,40.78966666666667
2016-05-01,14.15,3.5393,516169.7,0.82,1.13,317328438.0,0.78,6.68,86.252,-1.4,-0.1,-18.7,70.49556,96757132.0,25884828.0,47576940.0,13.2517566666667,23305.97535441,-10.09,38681.0,46.56677419354838
2016-06-01,14.15,3.4245,522108.9,1.69,1.63,313685875.0,0.35,6.99,87.65867,0.3,0.5,-10.7,73.54964,96569646.0,25201229.0,44908565.0,13.0964666666667,28180.96270133,6.3,37585.0,48.513333333333335
2016-07-01,14.15,3.2756,522443.3,0.18,-0.39,318298994.0,0.52,6.47,89.61651,0.3,0.5,-10.7,68.57591,96347984.0,25159305.0,42835153.0,13.185635483871,30088.49474047,11.22,37293.0,45.372903225806446
2016-08-01,14.15,3.2097,530511.4,0.15,0.43,316244712.0,0.44,5.98,92.9984,0.3,0.5,-10.7,74.38641,96388856.0,24591735.0,40881917.0,13.1209516129032,21664.94836778,1.03,37729.0,45.309999999999995
2016-09-01,14.15,3.2564,524215.8,0.2,0.03,323191097.0,0.08,5.98,90.665,-0.5,0.0,-10.6,70.90635,96056444.0,24335949.0,39495215.0,12.8109535714286,23162.95239759,0.8,38373.0,46.54066666666667
2016-10-01,14.05,3.1858,539834.3,0.16,0.13,325910505.0,0.26,6.37,90.1719,-0.5,0.0,-10.6,69.19922,96036887.0,24369696.0,39194533.0,12.3469965517241,51535.96055907,11.23,38230.0,49.48516129032258
2016-11-01,13.9,3.342,545672.2,-0.03,0.05,325517068.0,0.18,6.18,86.47462,-0.5,0.0,-10.6,72.02597,96026383.0,24311433.0,39202291.0,12.3458740740741,26553.66287518,-4.65,38782.0,44.765
2016-12-01,13.65,3.3523,547302.0,0.54,0.83,356106672.0,0.3,6.64,77.23473,-0.1,0.5,-7.6,60.3563,95753265.0,24319708.0,39030779.0,11.8118870967742,35151.99042631,-2.71,38788.0,52.56258064516129
2017-01-01,13.17,3.1966,514648.6,0.64,0.43,339559886.0,0.38,6.46,77.88641,-0.1,0.5,-7.6,58.16408,107039408.0,29662612.0,58351518.0,11.0852225806452,47146.94077588,7.38,39388.0,54.52129032258065
2017-02-01,12.82,3.1042,510340.0,0.08,0.06,330765419.0,0.33,5.77,75.86999,-0.1,0.5,-7.6,65.75461,108404791.0,29838994.0,58619929.0,10.4903,22763.49150761,3.08,38873.0,54.902857142857144
2017-03-01,12.15,3.1279,560684.8,0.01,-0.38,327536761.0,0.25,5.39,85.4295,1.0,-1.6,-5.3,76.14758,110935272.0,30241939.0,62128890.0,9.79707096774194,25993.80833255,-2.52,40582.0,51.63870967741936
2017-04-01,11.59,3.1362,537460.4,-1.1,-1.24,330907717.0,0.14,5.07,79.30999,1.0,-1.6,-5.3,64.29891,112858921.0,30266439.0,63191420.0,9.41457142857143,38053.75074345,0.64,39466.0,52.37413793103448
2017-05-01,11.15,3.2095,550544.3,-0.93,-0.51,329640852.0,0.31,4.52,90.1268,1.0,-1.6,-5.3,76.08456,113871771.0,30994400.0,65962741.0,9.19772666666667,24130.83149452,-4.12,38191.0,50.41258064516129
2017-06-01,10.15,3.2954,542724.9,-0.67,-0.96,332318715.0,-0.23,3.86,88.44649,0.8,-0.9,-7.6,74.06659,114776780.0,30867444.0,66797432.0,8.99364827586207,30112.98032983,0.3,38143.0,46.557
2017-07-01,10.01,3.2061,548654.4,-0.72,-0.3,337005494.0,0.24,4.25,92.11994,0.8,-0.9,-7.6,73.79412,114996100.0,31170712.0,68183051.0,8.39200967741935,29336.79268047,4.8,37309.0,48.266451612903225
2017-08-01,9.15,3.1509,555952.3,0.1,0.24,332246885.0,0.19,4.24,96.66195,0.8,-0.9,-7.6,81.31603,114918026.0,31080712.0,67354475.0,7.81007419354839,24952.4104584,7.46,37887.0,51.60935483870968
2017-09-01,8.35,3.1348,544028.5,0.47,0.62,337527755.0,0.16,4.25,92.97887,0.3,-0.8,-0.9,75.45284,115062174.0,31176489.0,68370974.0,7.33960689655172,24412.76006282,4.88,39035.0,55.785
2017-10-01,8.01,3.1912,568522.5,0.2,0.1,337219206.0,0.42,3.75,95.14998,0.3,-0.8,-0.9,79.77964,114959598.0,31144615.0,68232804.0,7.11373,30850.60801455,0.02,39383.0,57.30774193548387
2017-11-01,7.4,3.2594,573820.4,0.52,0.8,340389865.0,0.28,4.15,90.60241,0.3,-0.8,-0.9,77.85291,114968060.0,31045294.0,68511059.0,7.10985172413793,26440.31895309,-3.15,39863.0,62.57833333333333
2017-12-01,7.0,3.2919,578097.8,0.89,0.74,377118524.0,0.44,3.82,81.00319,0.6,0.5,4.0,66.50472,114982993.0,31064540.0,68481488.0,6.92039,35502.9726002,6.16,39629.0,64.37466666666667
2018-01-01,6.9,3.2106,553185.5,0.76,0.58,359495631.0,0.29,3.71,82.25341,0.6,0.5,4.0,68.44347,112433054.0,26487871.0,59284688.0,6.85739666666667,48552.52226078,11.14,40071.0,68.92516129032258
2018-02-01,6.72,3.2415,539698.1,0.07,0.15,352353259.0,0.32,3.82,77.2694,0.6,0.5,4.0,70.51196,113154525.0,26449446.0,59685918.0,6.787684,25372.66567375,0.52,39207.0,65.45629629629629
2018-03-01,6.58,3.2792,589199.4,0.64,0.56,353085750.0,0.09,3.49,86.24128,0.5,1.0,3.4,82.91406,114525973.0,26491867.0,60676976.0,6.49964615384615,27467.6429346,0.01,41141.0,66.01423076923078
2018-04-01,6.4,3.4075,587181.9,0.57,0.93,355298596.0,0.22,3.61,86.48046,0.5,1.0,3.4,79.28103,115617772.0,25631648.0,60927796.0,6.30508,39776.82306624,0.88,40724.0,71.91333333333334
2018-05-01,6.4,3.6361,562300.5,1.38,1.64,355090493.0,0.4,3.87,84.4068,0.5,1.0,3.4,71.2161,115752047.0,25691067.0,58868120.0,6.68261851851852,26163.1638882,-10.87,39315.0,76.78730769230769
2018-06-01,6.4,3.7732,584616.6,1.87,1.48,358080184.0,1.26,4.07,91.05073,0.0,1.2,3.9,80.60329,116309308.0,25977030.0,57736865.0,7.67218461538462,30036.81095184,-5.2,38234.0,74.40884615384616
2018-07-01,6.4,3.8288,592555.7,0.51,0.44,363565694.0,0.33,4.01,95.78511,0.0,1.2,3.9,79.214,116405751.0,26057453.0,56860356.0,7.46645384615385,34664.69375647,8.88,38544.0,74.33423076923077
2018-08-01,6.4,3.9298,599072.1,0.7,0.68,364099050.0,-0.09,4.15,98.22417,0.0,1.2,3.9,89.0458,116768024.0,25951221.0,55067524.0,7.66496296296296,26780.0948972,-3.21,39057.0,72.3711111111111
2018-09-01,6.4,4.1165,576227.9,1.52,1.79,373223537.0,0.48,4.33,90.73505,0.9,1.6,9.2,78.61206,117255703.0,26310836.0,54711233.0,8.005712,27230.52833883,3.48,39079.0,78.738
2018-10-01,6.4,3.7584,612143.2,0.89,0.26,368955636.0,0.45,4.61,95.78202,0.9,1.6,9.2,87.983,117737831.0,25904412.0,55786825.0,7.36795,34800.53640952,10.19,40428.0,81.505
2018-11-01,6.4,3.7867,607596.3,-0.49,-1.14,369275906.0,-0.21,4.36,89.48815,0.9,1.6,9.2,79.85265,117927506.0,25868242.0,55984689.0,6.90274,31507.01560833,2.38,40441.0,65.68923076923078
2018-12-01,6.4,3.8851,600363.8,-1.08,-0.45,403197275.0,0.15,4.41,77.95478,-0.2,-0.6,4.2,63.33554,117833492.0,25743077.0,55621458.0,6.67539230769231,38481.868996,-1.81,40056.0,57.38227272727273
2019-01-01,6.4,3.7417,578931.4,0.01,0.07,383047405.0,0.32,4.56,80.68492,-0.2,-0.6,4.2,63.38853,114721472.0,26376418.0,63050505.0,6.55827037037037,53384.6534044,10.82,41810.0,59.0923076923077
2019-02-01,6.4,3.7236,576643.5,0.88,1.25,373655326.0,0.43,4.47,79.07925,-0.2,-0.6,4.2,75.30693,113393434.0,26106953.0,63253027.0,6.47964347826087,31439.72930777,-1.86,41325.0,63.705652173913045
2019-03-01,6.4,3.8465,601978.5,1.26,1.07,375135896.0,0.75,4.86,81.00541,0.3,-0.4,3.0,73.26144,112516470.0,25660026.0,65377518.0,6.50012631578947,28802.10820404,-0.18,41310.0,66.13857142857144
2019-04-01,6.4,3.8962,613141.2,0.92,0.9,377238871.0,0.57,4.95,83.348,0.3,-0.4,3.0,79.25746,112605157.0,25768394.0,65823775.0,6.5433,43315.52508368,0.98,39886.0,71.2595
2019-05-01,6.4,4.0015,616047.4,0.45,0.4,371317822.0,0.13,4.49,90.9938,0.3,-0.4,3.0,86.11465,112474505.0,25916777.0,68197770.0,6.45295,28883.29161102,0.7,40658.0,71.17260869565217
2019-06-01,6.4,3.8588,597572.6,0.8,0.63,373804135.0,0.01,4.25,85.80427,0.6,-0.5,7.4,76.54909,112546649.0,25959556.0,69340943.0,5.97944210526316,34172.80653342,4.06,38612.0,64.17
2019-07-01,6.4,3.7793,632355.9,0.4,-0.01,376817772.0,0.19,4.42,93.43811,0.6,-0.5,7.4,83.99658,113150491.0,25916627.0,72853710.0,5.53275217391304,40229.09847878,0.84,38508.0,63.9191304347826
2019-08-01,5.9,4.02,630305.2,-0.67,-0.51,374621652.0,0.11,4.5,96.20916,0.6,-0.5,7.4,85.23944,113194339.0,25722188.0,73136209.0,5.34949090909091,32745.18212215,-0.67,38836.0,59.041818181818186
2019-09-01,5.71,4.1215,617949.1,-0.01,0.5,383352236.0,-0.04,4.42,91.77385,0.0,-1.2,4.9,79.52899,112823827.0,26020398.0,74138135.0,5.10439047619048,28340.8939841,3.57,39467.0,62.826666666666675
2019-10-01,5.38,4.087,649366.0,0.68,0.55,385908524.0,0.1,4.17,97.02484,0.0,-1.2,4.9,85.97894,113018142.0,25922481.0,74313868.0,4.54117727272727,36948.31755483,2.36,41284.0,59.71304347826087
2019-11-01,4.9,4.1553,637683.4,0.3,0.85,391760160.0,0.51,4.03,87.96635,0.0,-1.2,4.9,77.20919,113168021.0,25905985.0,74301766.0,4.551345,35498.60473161,0.95,41995.0,63.21190476190476
2019-12-01,4.59,4.1096,637156.6,2.09,1.74,433418158.0,1.15,4.03,76.9333,0.8,0.1,1.0,59.30548,113488489.0,25985997.0,74580128.0,4.60427619047619,40036.8574652,6.85,40945.0,67.1285
2020-01-01,4.4,4.1495,614681.5,0.48,0.09,408454118.0,0.21,3.91,80.02397,0.8,0.1,1.0,66.02026,123340208.0,27010135.0,69139530.0,4.43930454545455,61716.5580155,-1.63,41333.0,63.64545454545455
2020-02-01,4.19,4.341,618377.0,-0.04,0.01,408932481.0,0.25,3.95,78.86411,0.8,0.1,1.0,71.5681,125235188.0,27081279.0,69419952.0,4.29338333333333,29835.39979049,-8.43,40999.0,55.702
2020-03-01,3.95,4.8839,635036.1,1.24,1.64,416408470.0,0.07,3.77,77.88536,-2.2,-0.1,7.0,69.49501,120722412.0,26347468.0,70665787.0,4.00486363636364,30881.35908818,-29.9,41145.0,32.01
2020-04-01,3.65,5.3256,568271.2,0.8,0.05,448803837.0,-0.31,3.68,60.2816,-2.2,-0.1,7.0,37.73947,121044411.0,26555426.0,70551027.0,3.154285,35702.38810938,10.25,37264.0,18.46666666666667
2020-05-01,3.01,5.6434,576775.5,0.28,1.07,484120149.0,-0.38,3.74,71.17081,-2.2,-0.1,7.0,52.82652,119352169.0,26551608.0,70152496.0,2.75941,25216.79037454,8.57,36128.0,29.6
2020-06-01,2.58,5.1966,607677.0,1.56,1.6,514451009.0,0.26,3.52,78.38194,-8.8,-7.9,-14.5,59.44891,119899492.0,26712459.0,70800224.0,2.45830952380952,34449.55206466,8.76,35775.0,40.26681818181818
2020-07-01,2.15,5.2802,644010.2,2.23,2.34,533014391.0,0.36,3.33,90.99252,-8.8,-7.9,-14.5,70.75789,120130863.0,26701165.0,73064865.0,2.44350434782609,36255.68166784,8.27,37873.0,43.24217391304348
2020-08-01,1.94,5.4612,637198.7,2.74,3.87,546062801.0,0.24,3.78,93.89506,-8.8,-7.9,-14.5,72.90364,120969074.0,26535125.0,73671086.0,2.41050952380952,30195.71543583,-3.44,39246.0,44.736000000000004
2020-09-01,1.9,5.3995,648114.6,4.34,3.3,565746786.0,0.64,4.89,95.36661,7.9,-4.4,-8.8,80.12424,121386542.0,26512221.0,73943779.0,2.61222380952381,32144.41049707,-4.8,40355.0,40.7396
2020-10-01,1.9,5.6258,674165.8,3.23,3.68,579454938.0,0.86,6.48,97.33818,7.9,-4.4,-8.8,87.85581,121500545.0,26631973.0,74220675.0,3.0857,42923.51206768,-0.69,42877.0,40.18954545454546
2020-11-01,1.9,5.4178,679762.7,3.28,2.64,584084142.0,0.89,8.3,90.22049,7.9,-4.4,-8.8,86.96028,121550704.0,26592362.0,74374796.0,3.20794,36159.56017736,15.9,41418.0,42.69238095238095
2020-12-01,1.9,5.1456,705526.9,0.96,0.76,619777029.0,1.35,10.16,83.33077,3.7,-2.2,10.4,80.43284,121522363.0,26592956.0,76642108.0,3.01415909090909,43048.01217123,9.3,42167.0,49.84526315789474
2021-01-01,1.9,5.3562,679778.8,2.58,2.91,592242390.0,0.25,12.01,81.91081,3.7,-2.2,10.4,77.31217,130307166.0,26262700.0,77423096.0,3.40493,66599.118176,-3.32,43071.0,54.774
2021-02-01,1.9,5.4165,707112.1,2.53,2.71,581066612.0,0.86,13.22,79.08065,3.7,-2.2,10.4,82.39428,130424395.0,25821382.0,77685880.0,3.7759,35475.98400413,-4.37,41480.0,62.2765
2021-03-01,2.23,5.6461,769779.2,2.94,2.17,578967966.0,0.93,14.46,86.08644,1.0,-2.1,11.7,90.63291,131830476.0,25432574.0,77603472.0,4.8236,38911.25090204,6.0,43660.0,65.41
2021-04-01,2.65,5.5621,737646.3,1.51,2.22,582626374.0,0.31,16.31,81.28537,1.0,-2.1,11.7,83.98128,131927408.0,25771550.0,76727987.0,5.33595,48100.89833776,1.94,42651.0,64.76095238095238
2021-05-01,3.29,5.2911,731526.4,4.1,3.4,582202651.0,0.83,18.18,88.35398,1.0,-2.1,11.7,90.53975,132909904.0,25844551.0,73326467.0,5.80420952380952,46637.27293855,6.16,40782.0,68.51333333333334
2021-06-01,3.76,5.0319,734466.1,0.6,0.11,594844001.0,0.53,20.92,87.88624,-0.6,8.1,26.7,90.79873,133255236.0,25803498.0,69213042.0,6.44345238095238,42582.64732931,0.46,40427.0,73.1640909090909
2021-07-01,4.15,5.1567,765599.5,0.78,1.45,627901673.0,0.96,22.6,92.2796,-0.6,8.1,26.7,96.32546,133426648.0,26433605.0,65152957.0,6.98685909090909,51599.49840223,-3.94,40188.0,75.1659090909091
2021-08-01,5.01,5.2517,767699.6,0.66,-0.14,623976385.0,0.87,22.74,93.37744,-0.6,8.1,26.7,95.55956,133767654.0,25510309.0,61745849.0,7.99840454545455,40611.75645996,-2.48,40901.0,70.74714285714286
2021-09-01,5.43,5.2797,762551.9,-0.64,-0.55,614143783.0,1.16,22.06,91.4866,0.1,6.1,14.8,91.87467,134036384.0,25742405.0,60527347.0,8.72956666666667,40156.36407386,-6.57,41948.0,74.48863636363636
2021-10-01,6.3,5.54,772588.9,0.64,1.6,604397556.0,1.25,21.22,89.73454,0.1,6.1,14.8,94.84626,134086406.0,25852967.0,60892023.0,9.849915,53979.6078769,-6.74,42587.0,83.53809523809524
2021-11-01,7.65,5.5569,788175.6,0.02,-0.58,599668025.0,0.95,20.33,86.29316,0.1,6.1,14.8,90.68421,134254267.0,25637212.0,62480295.0,11.98094,43039.96875481,-1.53,41863.0,81.05
2021-12-01,8.76,5.6514,795217.6,0.87,1.25,621391736.0,0.73,18.65,79.20526,1.2,4.7,1.7,83.48466,134933704.0,25662204.0,62124916.0,11.5788681818182,53574.50484644,2.85,42916.0,74.21909090909091
2022-01-01,9.15,5.5341,723718.0,1.82,2.01,596517645.0,0.54,17.17,75.92695,1.2,4.7,1.7,70.91506,131796763.0,27221237.0,82714199.0,12.0508857142857,84823.33351692,6.98,42580.0,86.50523809523808
2022-02-01,10.49,5.1966,753437.2,1.83,1.5,590881954.0,1.01,16.28,75.87402,1.2,4.7,1.7,78.64282,123015134.0,25626231.0,83109302.0,12.3487789473684,41349.51224443,0.89,41844.0,97.12899999999999
2022-03-01,11.15,4.9684,842372.9,1.74,2.37,592942148.0,1.62,15.75,84.49285,0.9,4.0,-5.9,95.11169,116179822.0,24660648.0,87218608.0,12.9950409090909,51108.28766396,6.06,44617.0,117.24521739130434
2022-04-01,11.65,4.758,832172.2,1.41,0.41,599813109.0,1.06,15.0,80.8891,0.9,4.0,-5.9,79.84629,118517403.0,25314905.0,86574788.0,12.9939894736842,61800.79520583,-10.1,43258.0,104.888
2022-05-01,12.51,4.9551,841751.2,0.52,0.69,597297282.0,0.47,15.44,88.83537,0.9,4.0,-5.9,95.06485,118609835.0,25718531.0,86321441.0,13.3372727272727,54442.34751412,3.22,42052.0,113.11136363636363
2022-06-01,12.89,5.0492,843558.1,0.59,0.62,601904463.0,0.67,14.53,87.51774,1.1,1.8,2.0,90.11074,117959081.0,25802709.0,85388887.0,13.5829428571429,64409.60259895,-11.5,40933.0,122.71095238095238
2022-07-01,13.15,5.3681,869140.1,0.21,-0.38,598357971.0,-0.68,14.07,91.95659,1.1,1.8,2.0,90.23537,118773245.0,25751453.0,85739197.0,13.9749,64612.46310856,4.69,41233.0,111.92571428571429
2022-08-01,13.58,5.1433,873885.6,-0.7,-0.55,597174595.0,-0.36,13.61,95.95352,1.1,1.8,2.0,99.35687,118834511.0,25842223.0,84085777.0,13.4890826086957,53070.83137846,6.16,42121.0,100.44636363636364
2022-09-01,13.65,5.237,858156.3,-0.95,-1.22,593585625.0,-0.29,13.11,91.81049,0.9,2.6,5.1,96.07265,119497562.0,25376247.0,84179228.0,13.3414142857143,48189.55425026,0.47,42318.0,89.74954545454545
2022-10-01,13.65,5.2503,880478.9,-0.97,-0.62,588696043.0,0.59,12.41,91.26549,0.9,2.6,5.1,94.63051,119462781.0,25372949.0,84989468.0,13.09535,67642.16353896,5.45,42519.0,93.33190476190477
2022-11-01,13.65,5.2747,880643.2,-0.56,-0.18,588524647.0,0.41,11.38,87.03596,0.9,2.6,5.1,91.31279,119541186.0,25413392.0,84730503.0,13.816565,52089.39779717,-3.06,42708.0,91.41545454545455
2022-12-01,13.65,5.2424,880363.1,0.45,0.31,621643877.0,0.62,10.9,78.21171,0.5,0.3,3.2,84.26269,119523533.0,25426766.0,84739443.0,13.7256545454545,66588.11635797,-2.45,43226.0,80.99666666666667
2023-01-01,13.65,5.2007,811628.9,0.21,0.06,599479382.0,0.53,10.45,78.21171,0.5,0.3,3.2,84.26269,147545847.0,29447903.0,93097660.0,13.4410318181818,100062.89176168,3.37,42540.0,82.535
2023-02-01,13.65,5.1717,829904.9,-0.06,0.04,592303978.0,0.84,9.92,78.21171,0.5,0.3,3.2,84.26269,145021020.0,28714561.0,92724073.0,13.3209444444444,48098.71466037,-7.49,43021.0,82.58500000000001
2023-03-01,13.65,5.2115,939484.3,0.05,-0.34,589175179.0,0.71,9.06,78.21171,1.4,1.5,1.5,84.26269,147240376.0,27896668.0,91895431.0,12.814547826087,53709.62751711,-2.91,45723.0,78.43434782608696
2023-04-01,13.65,5.0197,909795.2,-0.95,-1.01,589444095.0,0.61,8.05,78.21171,1.4,1.5,1.5,84.26269,149063781.0,27921650.0,91936309.0,12.7301722222222,68779.55302741,2.5,44885.0,84.73947368421052
2023-05-01,13.65,4.9828,912358.2,-1.84,-2.33,577114579.0,0.23,6.13,78.21171,1.4,1.5,1.5,84.26269,148195791.0,27899837.0,94904709.0,12.5658136363636,58618.8580806,3.74,43165.0,75.466
2023-06-01,13.65,4.8516,905426.5,-1.93,-1.45,581471336.0,-0.08,4.82,78.21171,0.7,4.8,-1.5,84.26269,148376257.0,28117912.0,96336896.0,11.988575,59681.01083326,9.0,42658.0,74.83909090909091
2023-07-01,13.65,4.8008,921323.1,-0.72,-0.4,617416624.0,0.12,3.52,78.21171,0.7,4.8,-1.5,84.26269,148764490.0,28103663.0,97104438.0,11.4777952380952,64838.33468044,3.26,42015.0,79.90869565217392
2023-08-01,13.19,4.9035,932297.0,-0.14,0.05,614330544.0,0.23,3.11,78.21171,0.7,4.8,-1.5,84.26269,150328350.0,28196512.0,99572340.0,11.0324260869565,48918.77189044,-5.09,43431.0,86.14772727272727
2023-09-01,12.97,4.937,915825.3,0.37,0.45,607828647.0,0.26,2.68,78.21171,0.1,3.5,-6.8,84.26269,151216632.0,27996535.0,103751870.0,10.88349,49510.20866819,0.71,44478.0,93.905
2023-10-01,12.65,5.0648,953959.1,0.5,0.51,606456416.0,0.24,2.44,78.21171,0.1,3.5,-6.8,84.26269,151818091.0,27984185.0,103692638.0,11.0842619047619,68479.2589664,-2.94,46075.0,90.77571428571429
2023-11-01,12.17,4.8983,961889.3,0.59,0.5,608863367.0,0.28,2.36,78.21171,0.1,3.5,-6.8,84.26269,151669302.0,27756888.0,103276918.0,10.64956,51852.3425441,12.54,46666.0,82.16789473684211
2023-12-01,11.87,4.8972,949452.9,0.74,0.64,650862102.0,0.56,2.55,78.21171,0.4,5.1,-4.4,84.26269,151963045.0,27738515.0,103346496.0,10.157775,73820.91512509,5.38,47223.0,77.761
2024-01-01,11.65,4.9144,888664.3,0.07,-0.27,622659991.0,0.42,2.43,78.21171,0.4,5.1,-4.4,84.26269,150424821.0,25867071.0,91839486.0,9.95065454545455,108493.90915948,-4.79,46844.0,80.12409090909091
2024-02-01,11.15,4.9644,899042.8,-0.52,-0.41,619548975.0,0.83,2.5,78.21171,0.4,5.1,-4.4,84.26269,149263107.0,25084101.0,91785939.0,9.88731578947368,56452.27679636,0.99,46322.0,83.47809523809524
2024-03-01,11.0,4.9801,965492.7,-0.47,-0.3,626449719.0,0.16,2.36,78.21171,1.0,4.1,3.0,84.26269,146910727.0,24071504.0,92051031.0,9.755065,56429.39069602,-0.71,47837.0,85.4085
2024-04-01,10.65,5.1291,989465.8,0.31,0.72,633139722.0,0.38,2.51,78.21171,1.0,4.1,3.0,84.26269,148290815.0,23980208.0,91802194.0,10.0973818181818,73726.08731694,-1.7,47351.0,89.93809523809524
2024-05-01,10.46,5.133,961781.6,0.89,0.87,650860929.0,0.46,2.31,78.21171,1.0,4.1,3.0,84.26269,146701036.0,23709139.0,90768517.0,10.342019047619,71695.27641961,-3.04,47050.0,81.74619047619048
2024-06-01,10.4,5.389,969982.0,0.81,0.5,665531545.0,0.21,2.49,78.21171,1.3,1.2,5.7,84.26269,146841982.0,23570728.0,90084042.0,10.75972,67108.46888238,1.48,45556.0,82.24600000000001
2024-07-01,10.4,5.542,1008411.1,0.61,0.83,662295537.0,0.38,2.66,78.21171,1.3,1.2,5.7,84.26269,145420710.0,23389673.0,94175308.0,11.0443826086957,71900.95439248,3.02,44808.0,85.15304347826087
2024-08-01,10.4,5.5526,993833.0,0.29,0.12,656812475.0,-0.02,3.12,78.21171,1.3,1.2,5.7,84.26269,145273017.0,23006870.0,93638698.0,11.2847681818182,57891.1919213,6.54,45892.0,80.3552380952381
2024-09-01,10.5,5.5416,987669.2,0.62,1.03,657223959.0,0.44,3.46,78.21171,0.7,1.3,10.8,84.26269,144495831.0,22922524.0,93734848.0,11.7082428571429,56252.20392829,-3.08,46300.0,74.01666666666667
2024-10-01,10.65,5.6241,1046392.1,1.52,1.54,650114586.0,0.56,3.86,78.21171,0.7,1.3,10.8,84.26269,144518179.0,22849130.0,92678035.0,12.3333347826087,75627.2591094,-0.34,47795.0,75.63260869565217
2024-11-01,11.04,5.8071,1025651.9,1.3,1.18,651247495.0,0.39,4.03,78.21171,0.7,1.3,10.8,84.26269,144870682.0,22803372.0,92740245.0,13.07091,59697.9419733,-3.12,47325.0,74.3452380952381
2024-12-01,11.77,6.097,1008323.5,0.94,0.87,681672172.0,0.52,3.98,78.21171,0.2,1.2,9.4,84.26269,144946662.0,22912466.0,91790726.0,14.7023,80518.29013684,-4.28,47149.0,73.84
2025-01-01,12.24,6.0218,953972.1,0.27,0.11,634348348.0,0.16,4.31,78.21171,0.2,1.2,9.4,84.26269,166543984.0,25210366.0,98922287.0,15.0107181818182,80518.29013684,4.86,47143.0,79.27045454545454
2025-02-01,13.15,5.7656,966150.6,1.06,1.0,634348348.0,1.31,4.39,78.21171,0.2,1.2,9.4,84.26269,164369708.0,25270645.0,99501298.0,14.836315,80518.29013684,-2.64,47143.0,75.438
2025-03-01,13.46,5.7656,966150.6,1.06,1.0,634348348.0,1.31,4.39,78.21171,0.2,1.2,9.4,84.26269,164369708.0,25270645.0,99501298.0,14.81194375,80518.29013684,0.72,47143.0,72.023125
